36588499
35074618
35009512
35101807
35130798
35101808
35009514
35101809
35130801
35101811
35033759
35074622
35049922
35074623
35009517
35049927
35101813
35033763
35033764
35101816
35033765
35101820
35101822
35049932
35009522
35074629
35033767
35033768
35074630
35033769
35009526
35101825
35033770
35049937
35033771
35074632
35074633
35033776
35033778
35009534
35130807
35009536
35049939
35130809
35130811
35101829
35130812
35074639
35074640
35074641
35130814
35074642
35101838
35130816
35130817
35101841
35101843
35101845
35049947
35009544
35033787
35074648
35074651
35049952
35009549
35101850
35130824
35009550
35009552
35033790
35130828
35074658
35130829
35009556
35049961
35009558
35033796
35101858
35049967
35101862
35101863
35130836
35033799
35049969
35074666
35049970
35101868
35074668
35049973
35033808
35033809
35101872
35101873
35074670
35049978
35074674
35130843
35130845
35101879
35130846
35009590
35101881
35049993
35009596
35049995
35074680
35049997
35130854
35074682
35033825
35074683
35074684
35101894
35033827
35050000
35074691
35050004
35009601
35009603
35074693
35009605
35074694
35009609
35130859
35033835
35130861
35101903
35130862
35009612
35074697
35050014
35101907
35101909
35009615
35009617
35130867
35050018
35130872
35074702
35050021
35050022
35050023
35033844
35050024
35050026
35130876
35050027
35130881
35101919
35101920
36554563
36633317
36531727
36633321
