36588499
35074618
35009512
35101807
35130798
35101808
35009514
35101809
35130801
35101811
35033759
35074622
35049922
35074623
35009517
35049927
35101813
35033763
35033764
35101816
35033765
35101820
35101822
35049932
35009522
35074629
35033767
35033768
35074630
35033769
35009526
35101825
35033770
35049937
35033771
35074632
35074633
35033776
35033778
35009534
35130807
35009536
35049939
35130809
35130811
35101829
35130812
35074639
35074640
35074641
35130814
35074642
35101838
35130816
35130817
35101841
35101843
35101845
35049947
35009544
35033787
35074648
35074651
35049952
35009549
35101850
35130824
35009550
35009552
35033790
35130828
35074658
35130829
35009556
35049961
35009558
35033796
35101858
35049967
35101862
