33017464
33017473
33047055
33132985
33133004
33072972
33017522
33133029
33103011
33017545
33047156
33103070
33133081
33103081
33017596
33073059
33017609
33133132
33017621
33156965
33047270
33047276
33156979
33047290
33156993
33156996
33073157
33133201
33103207
33157028
33157039
33157042
33157054
33133246
33017768
33157127
33073264
33157145
33133273
33103293
33073300
33157226
33073316
33103318
33017874
33047539
33103354
33103365
33017897
33103388
33047565
33047584
33047590
33073401
33017930
33017934
33017936
33133468
33133471
33017969
33047686
33103480
33133519
33073454
33017993
33157430
33157438
33133566
33157446
33047771
33018046
33047800
33133617
33103563
33157513