7237747
12971874
13055034
13125187
13092680
13472256
13417097
13472893
17061640
22448664
22363874
22282225
22565623
22510223
22312763
22478648
22393314
22536248
22282237
22393320
22510234
22363924
22312775
22334543
22393322
22448722
22282240
22565638
22510245
22363930
22927681
22901201
23019119
23019131
22956244
22815457
22870371
22901253
22736642
22846255
22846263
22901280
22956329
22956337
22761848
23019334
22956359
22956361
22761878
22761882
22736765
22956375
22761898
24249140
24280508
24168268
24081787
24168674
24250665
23967799
24227450
24023811
24169800
