34899329
34954260
34899332
34929277
34981998
34929278
34982000
34982001
34899338
34982003
34954276
34954277
34929281
34954278
34929284
34829776
34929286
34954281
34954282
34954283
34982009
34877259
34899344
34954284
34929287
34982010
34899346
34829778
34877261
34982013
34877263
34982015
34929289
34929290
34877265
34877269
34982016
34954288
34982017
34954289
34899349
34899350
34899351
34954291
34829782
34899353
34899354
34829784
34829785
34829786
34899356
34954295
34929299
34829787
34929301
34954299
34954300
34954301
34829789
34982022
34982023
34899358
34829790
34954303
34877276
34954304
34929308
34929311
34899367
34829799
34982026
34929312
34899368
34954314
34929315
34829802
34954316
34982029
34929316
34899371
34877281
34982030
34899372
34954319
34982033
34954321
34899373
34829808
34829809
34982037
34954322
34954323
34929324
34954327
34954328
34982040
34982044
34929325
34929326
34899378
34954334
34954335
34954337
34829815
34877292
34982046
34929330
34954339
34929331
34954341
34829818
34877296
34982050
34929332
34829820
34982053
34929333
34877299
34899384
34982055
34877302
34929336
34929337
34877304
34929338
34899386
34954351
34899388
34899389
34899391
34982060
34954355
34829828
34954358
34877313
34829830
34899394
34877314
34954364
34982065
34829834
34982067
34829835
34929345
34829836
34829839
34982072
34877318
34899401
34929353
34829847
34954375
34877330
34954376
34982078
34929361
34954378
34899409
34829857
34829859
34954380
34877333
34899411
34982084
34877334
34954381
34877336
34829864
34954383
34929369
34982087
34954388
34954391
34877338
34982092
34929374
34982098
34877339
34899418
34877340
34929382
34954397
34982100
34929383
34982101
34929387
34877343
34929389
34982110
34929397
34829898
34982121
34929402
34929404
34954429
34954430
34829908
34954435
34929417
34899457
34929422
34929423
34954441
34829922
34982148
34829926
34829929
34982149
34899464
34954446
34929431
34929433
34982157
34877381
34829936
34877384
34982167
34877385
34954468
34829940
34899483
34929440
34929441
34899486
34899487
34954473
34829947
34954476
34982175
34929447
34982181
34982182
34877397
34899497
34954480
34982184
34982185
34877398
34829953
34954485
34899498
34982188
34982189
34899502
34954488
34954489
34877401
34954491
34829954
34877405
34899504
34929458
34954493
34929459
34929460
34982195
34829957
34877407
34929463
34954500
34929466
34954502
34929471
34829960
34954503
34899512
34899513
34877415
34877416
34929475
34954505
34877418
34899516
34829963
34929478
34829965
34982213
34954510
34954514
34982215
34929481
34877424
34982217
34829971
34877426
34954517
34954518
34982218
34982220
34877428
34899529
34929487
34954529
34877433
34829990
34954532
34829991
34954537
34982239
35010005
