17061640
17463098
17463102
17492628
17302499
13472893
13387343
13472903
13417270
13332150
13417097
13228009
13359679
13331992
13196785
13472256
13386781
13443997
13359271
13107937
13092680
13209614
13209617
12954046
13040197
12971874
13111579
13055066
13055066
13141403
13055034
13171057
13028607
12971850
12919277
13125187
13153968
13016454
13153969
12954027
7237747
7237847
7238224
6968212
6698476
6728406
6951990
7740654
6502341
7446198
7592947
7533106
13003310
12866774
12919082
12919174
13111454
12971770
13054947
13081605
16918946
17463655
17463639
17185668
17303161
17493247
17248960
17381690
17493305
17434015
17411361
17303335
17463956
17493506
17523504
17493562
17186065
17464027
17303459
17493597
21816621
21616784
21699545
21731714
21731723
21871656
21731724
21757274
21787509
21643281
21557616
21676103
21616834
21816719
21557634
21588401
21731796
21848346
21557669
21557670
21588454
21787637
21676223
21616937
