33129950
33129957
33129977
33129978
33129996
33100556
33154187
33070620
33014839
33154265
33014896
33014899
33154293
33130139
33130167
33044215
33154336
33100745
33154342
33130231
33130234
33044299
33154408
33154420
33015071
33070880
33100832
33070897
33154473
33100847
33154507
33130373
33015170
33154525
33154538
33015180
33070965
33044472
33130396
33044493
33154573
33044506
33015244
33071006
33071009
33130459
33154593
33071010
33044551
33100968
33154643
33130572
33154660
33130603
33154689
33044674
33015377
33101061
33015395
33015402
33015412
33154740
33130697
33015424
33130699
33071217
33101106
33130702
33154761
33154783
33071271
33015455
33101140
33044805
33015488