33046293
33016811
33156168
33072395
33016846
33072421
33016867
33156224
33102449
33102468
33046390
33046404
33132351
33132358
33102518
33072496
33156281
33046471
33156286
33102572
33072512
33102579
33046506
33046507
33072525
33016979
33132441
33072545
33046579
33072569
33132479
33156410
33046641
33017077
33017090
33072598
33017105
33072604
33102687
33132573
33132584
33017145
33017156
33072643
33132611
33017172
33046754
33046760
33072685
33046775
33102749
33102751
33046799
33132709
33132734
33017274
33156607
33102800
33156620
33102813
33102820
33102831
33017320
33072864
33156681
33017371
33156692
33132875
33102890
33132889
33046994
33017416
33072922
33132928
33156749