33134240
33157991
33157992
33158007
33134269
33134270
33048461
33134281
33134294
33048486
33134322
33073999
33074001
33158111
33074037
33134422
33104204
33018919
33104234
33074110
33134481
33134508
33018962
33018973
33134530
33048691
33018983
33074155
33104292
33074164
33104303
33048736
33104313
33048753
33019046
33158308
33074215
33019068
33019075
33048836
33019118
33074257
33074282
33019169
33104443
33134720
33104451
33104456
33104457
33134761
33048975
33048979
33048980
33074370
33074379
33049002
33074380
33134815
33104505
33049019
33019322
33049035
33049046
33134858
33019348
33158520
33049082
33104557
33019374
33074473
33158561
33049137
33049141
33019428