33101775
33071868
33155525
33016165
33016166
33016168
33045600
33131495
33155533
33071884
33131502
33155545
33016196
33071895
33101825
33071909
33016220
33071924
33155600
33016256
33071952
33131638
33101897
33045792
33045817
33101944
33045827
33072017
33101956
33045848
33045852
33016401
33155761
33155764
33045890
33102014
33155777
33155778
33072078
33102039
33155810
33045954
33102067
33131881
33102089
33016516
33045996
33155888
33102123
33102164
33016567
33016574
33072202
33132004
33016629
33132020
33046103
33046110
33016643
33016659
33016678
33016684
33156008
33156010
33016702
33072273
33156020
33132105
33156057
33132151
33132169
33102345
33072336
33072346
33156140