33014306
33100028
33129470
33153640
33100030
33043473
33043474
33043475
33153643
33070093
33129471
33153644
33153645
33100031
33153646
33070095
33043477
33043478
33129472
33043479
33153647
33153648
33100033
33129476
33129477
33043480
33043481
33014311
33043482
33100034
33014312
33014313
33043483
33043484
33014314
33014315
33043485
33129478
33100036
33043486
33070116
33129597
33129735
33014599
33070406
33153978
33070422
33014656
33070436
33070457
33014680
33100413
33043885
33129903
33154055
33100458
33070525
33014726
33100479
33070548
33100480
33043947
33100485
33100486
33100488
33070558
33100490
33100491
33014745
33100492
33043954
33154102
33129938
33043956
33129946