33044832
33015503
33071339
33044856
33154863
33101180
33015531
33071380
33015561
33101251
33101271
33015600
33101292
33130953
33015627
33155019
33101329
33130990
33045039
33130999
33155045
33131008
33071503
33015678
33015685
33015689
33131044
33045081
33045106
33131096
33015745
33155136
33071568
33101415
33045151
33101447
33045170
33131164
33155199
33045226
33071634
33155223
33101505
33101528
33045312
33045319
33071676
33045331
33045332
33045346
33155323
33101577
33071694
33045353
33045357
33015950
33045372
33071718
33131317
33131324
33131337
33045427
33131345
33101656
33131377
33016033
33045493
33071825
33155462
33131426
33101734
33155488
33131448
33016131
33155521