33103594
33018105
33018109
33103610
33047887
33133690
33018166
33157564
33133704
33018200
33073594
33103671
33073616
33157602
33133749
33073624
33103685
33157610
33047991
33018255
33048007
33018274
33073643
33157657
33157666
33018323
33018327
33157699
33018348
33103806
33157726
33018382
33157745
33157751
33133927
33103859
33048158
33048170
33103878
33018466
33133988
33133997
33133998
33073759
33018514
33134019
33018530
33048226
33048240
33157846
33073823
33073833
33073844
33018633
33048325
33048331
33018667
33157928
33048355
33134192
33134199
33157954
33104064
33018720
33073907
33073909
33073913
33073914
33134218
33048401
33073943
33018747
33018748
33018749
33104090