7237747
7237847
7238224
6968212
6698476
6728406
6951990
7740654
6502341
7446198
7592947
7533106
13003310
12866774
12919082
12919174
13111454
12971770
13054947
13081605
16918946
17463655
17463639
17185668
17303161
17493247
17248960
17381690
17493305
17434015
17411361
17303335
17463956
17493506
17523504
17493562
17186065
17464027
17303459
17493597
21816621
21616784
21699545
21731714
21731723
21871656
21731724
21757274
21787509
21643281
21557616
21676103
21616834
21816719
21557634
21588401
21731796
21848346
21557669
21557670
21588454
21787637
21676223
21616937
